25,4
25,1
25,3
3,2
3,1
3,3
10,193
10,11
10,295
10,169
10,219
10,117
10,167
10,265
10,2
10,3
11,19
11,9
11,17
8,16
8,6
8,18
12,1
12,3
20,2
20,1
20,3
19,2
19,1
19,3
18,1
18,3
14,1
14,11
14,3
13,1
13,3
2,2
2,1
2,3
243,7
243,6
243,5
243,4
243,3
243,2
243,1
243,0
240,5
240,4
240,3
240,2
240,1
240,0
237,4
237,3
237,2
237,1
237,0
235,4
235,3
235,2
235,1
235,0
234,5
234,4
234,3
234,2
234,1
234,0
229,5
229,4
229,3
229,2
229,1
229,0
226,6
226,5
226,4
226,3
226,2
226,1
226,0
223,5
223,4
223,3
223,2
223,1
223,0
220,5
220,4
220,3
220,2
220,1
220,0
218,5
218,4
218,3
218,2
218,1
218,0
216,3
216,2
216,1
216,0
213,4
213,3
213,2
213,1
213,0
210,6
210,5
210,4
210,3
210,2
210,1
210,0
204,10
204,9
204,8
204,7
204,6
204,5
